0.0011766865720075443 -0.00011621539718628641
0.0012016449793847146 7.035188296635512e-05
0.0012271327733577922 7.079831290973679e-05
0.0012531611826147172 -0.00010786963237450769
0.0012797416740123484 3.8175562660428326e-05
0.0013068859576282044 0.00010919437061937393
0.001334605991919357 -5.9698671916957515e-05
0.001362913988990749 -6.702813769333069e-05
0.0013918224199752553 8.597792828962387e-05
0.0014213440205278608 8.993469018829632e-05
0.0014514917964363735 -4.272209441728473e-05
0.0014822790293511445 -8.324413420294888e-05
0.0015137192826363203 1.2623341567205037e-05
0.0015458264073452042 0.00010083106230758621
0.0015786145483223596 8.300704762659975e-05
0.0016120981504351441 -2.9060558438693913e-06
0.0016462919649374186 -6.801619486696463e-05
0.0016812110559682346 -6.753680852950918e-05
0.0017168708071883657 -1.6928253543575625e-05
0.0017532869285576027 4.370906362192586e-05
0.001790475463255803 8.41132854320773e-05
0.0018284527947507352 9.51684216932446e-05
0.0018672356540158461 8.308465608141995e-05
0.0019068411269011147 5.92997499529284e-05
0.0019472866616602512 3.360137835833808e-05
0.0019885900766375532 1.173991074504601e-05
0.0020307695681178045 -4.120047911676185e-06
0.002073843718342678 -1.3976140345677418e-05
0.002117831503697171 -1.8669638580645458e-05
0.0021627523030696826 -1.904625718032204e-05
0.0022086259063894124 -1.5568020310319067e-05
0.002255472523344845 -8.26366848486318e-06
0.0023033127922871626 3.0594594718551337e-06
0.0023521677893225006 1.8384590704530106e-05
0.002402059037597061 3.684923779411424e-05
0.0024530085167791655 5.605261582981411e-05
0.00250503867274244 7.163745432748032e-05
0.002558172427454371 7.774170693918208e-05
0.0026124331890746214 6.89444137459942e-05
0.0026678448622675286 4.378241086485758e-05
0.0027244318587333447 8.525959676212325e-06
0.0027822191079628464 -2.1890389455684182e-05
0.0028412320682200654 -2.9373428855198225e-05
0.002901496737757963 -4.982218006434116e-06
0.0029630396662720052 3.895808435850453e-05
0.0030258879665966704 7.030351367821659e-05
0.0030900693266500538 6.0304171993495805e-05
0.0031556120216318195 1.5121545034896022e-05
0.00322254492647989 -1.947424831587771e-05
0.00329089752859134 -1.902132455757022e-06
0.003360699940813122 4.975504331107671e-05
0.003431982914708322 6.819349981376109e-05
0.0035047778541038143 2.595223102624521e-05
0.0035791168289252646 -1.3068400216335364e-05
0.003655032589325588 1.632610803809849e-05
0.003732558580113079 6.564843434830703e-05
0.0038117289554855773 4.5766866307736974e-05
0.0038925785940771484 -4.547619725849212e-06
0.0039751431143239275 1.7728318741660843e-05
0.0040594588901558745 6.683197461732558e-05
0.004145563067021365 3.556561571076782e-05
0.0042334935782516805 -1.929462010196119e-06
0.004323289161772595 4.5591431307646896e-05
0.004414989377170424 6.082150124957538e-05
0.004508634623120075 7.33551760389566e-06
0.004604266155182738 2.9924496483065153e-05
0.004701926103981093 6.69770938147515e-05
0.004801657493760018 1.6642979007253437e-05
0.004903504261340993 2.866689499146336e-05
0.005007511275478529 6.750039556728119e-05
0.005113724356627182 1.7704406089839776e-05
0.00522219029712781 3.8915426907578233e-05
0.0053329568818220275 6.367175335052207e-05
0.005446072909103884 1.557475778496723e-05
0.005561588212418074 5.783527569054855e-05
0.005679553682214145 4.8396850019681665e-05
0.005800021288366362 2.5366631715867012e-05
0.00592304410306912 7.095206927766942e-05
0.006048676324217979 2.6815421091933898e-05
0.006176973299286638 5.666450772418514e-05
0.006307991549710348 5.311791013580081e-05
0.006441788795786516 3.530500180494925e-05
0.0065784239821034905 7.174570724226457e-05
0.006717957303508667 3.0088913672163624e-05
0.00686045023162745 7.281011490657079e-05
0.007005965541944647 3.958910637433241e-05
0.0071545673414603415 6.445214444265403e-05
0.0073063210969322966 5.352725846934433e-05
0.007461293663717464 5.594359227032661e-05
0.0076195533152252125 6.517668645982192e-05
0.007781169772995276 5.122464009413103e-05
0.007946214237413703 7.293426803486452e-05
0.008114759419080289 5.0312650085910825e-05
0.008286879570841343 7.76735062995718e-05
0.008462650520501916 5.201691951411147e-05
0.008642149704231833 8.05502889777285e-05
0.008825456200680343 5.544410117252492e-05
0.009012650765814331 8.212384346464756e-05
0.009203815868495484 6.039774865988752e-05
0.0093990357268121 8.22950625848905e-05
0.009598396345181464 6.720073944083534e-05
0.009801985552239269 8.06738981215258e-05
0.010009893039532631 7.614883108625665e-05
0.01022221040103385 7.730724607134757e-05
0.01043903117349229 8.661976199731776e-05
0.01066045087764213 7.365660011501576e-05
0.01088656706028418 9.6179609540986e-05
0.011117479337260275 7.31215091984781e-05
0.01135328943733919 0.00010081558424871198
0.01159410124703342 7.964455479121693e-05
0.011840020856366535 9.775693792034887e-05
0.012091156605611315 9.357408246535878e-05
0.01234761913301923 9.020970835025923e-05
0.012609521423562291 0.00010777897962478415
0.012876978858708758 8.838926733191546e-05
0.013150109267254627 0.00011141788458240192
0.013429032977233312 0.00010009226336340842
0.013713872868926315 0.0001036276866035958
0.014004754428998366 0.00011705201134272373
0.014301805805780742 0.00010059133938970633
0.014605157865727221 0.00012069362488981317
0.014914944251067538 0.0001149121463290281
0.01523130143868363 0.0001119880030006533
0.015554368800234782 0.000130129378803492
0.01588428866355801 0.00011619078188782416
0.016221206375370827 0.00012594905910956586
0.016565270365303957 0.00013519651788966933
0.016916632211292262 0.00012257584807965236
0.01727544670635263 0.0001380854778874382
0.01764187192677826 0.0001403785878669748
0.01801606930177947 0.0001316483010974324
0.01839820368460156 0.00014830945117014254
0.018788443425151173 0.00014752509352439097
0.019186960444163126 0.00014147934049544696
0.019593930308940345 0.00015760533023693107
0.020009532310700316 0.00015685135639190569
0.020433949543562147 0.0001514678761548069
0.020867368985208915 0.00016649416157127545
0.021309981579261054 0.00016808614353301017
0.021761982319396793 0.00016196970310427403
0.022223570335256976 0.00017493464201698522
0.022694948980171933 0.0001806718481728703
0.023176325920749096 0.00017395704237864413
0.023667913228360878 0.00018289585512184814
0.02416992747257303 0.0001934288682635613
0.02468258981655469 0.00018849180663683382
0.025206126114512225 0.0001913130178987798
0.02574076701118958 0.00020458196139961737
0.026286748043479274 0.00020545148661808708
0.026844309744188465 0.00020266029260481406
0.027413697748006113 0.00021328241543606141
0.027995162899717683 0.00022211384790627746
0.028588961364715317 0.00021930083891056633
0.02919535474185175 0.0002222639677945167
0.029814610178688222 0.00023457233667179903
0.030447000489186693 0.00023924378653514722
0.031092804273898475 0.00023719350896820302
0.03175230604270222 0.00024379312887856837
0.03242579634014505 0.0002554565333040499
0.033113571873442556 0.000258644415615845
0.03381593564319355 0.0002581721464088842
0.03453319707686747 0.00026603135108766113
0.03526567216512321 0.0002772475039265112
0.03601368360101919 0.00028096042760792343
0.03677756092217638 0.00028155191725042676
0.037557640655956556 0.00028913177739054287
0.03835426646772008 0.000300487499085004
0.039167789312228043 0.0003060700663147761
0.03999856758825609 0.00030749841377343903
0.040846967296487464 0.00031373745412701396
0.04171336220075524 0.0003250792107194815
0.042598133992704644 0.00033344390165853093
0.04350167245994773 0.00033651982516116
0.044424375657785065 0.00034099889195014776
0.045366650084569596 0.00035105905179217176
0.04632891086079007 0.0003620417857001446
0.04731158191195323 0.0003684636034278847
0.04831509615534457 0.0003724079670132433
0.049339895690750944 0.0003797206330184112
0.05038643199522827 0.0003911126642613809
0.051455166122000386 0.0004016279904696729
0.052546568903576986 0.00040817616878362743
0.053661121159179356 0.0004136422326670865
0.05479931390656623 0.00042239733306277205
0.055961648578352355 0.00043432129614564673
0.05714863724291541 0.0004453957555436033
0.058360802829988734 0.0004532604025464403
0.059598679361038534 0.0004600436653896357
0.06086281218452811 0.0004692907813461763
0.06215375821617189 0.0004815097157723468
0.06347208618428554 0.000493863561186878
0.06481837688034026 0.0005038343847677
0.06619322341483111 0.000512100607429769
0.06759723147857301 0.0005214612040062706
0.06903101960953871 0.0005335233288806911
0.07049521946535656 0.0005470726312246151
0.0719904761015886 0.000559656138500017
0.0735174482559104 0.0005702856424854842
0.07507680863831928 0.0005803159346214482
0.07666924422749759 0.0005918474900963009
0.07829545657346232 0.0006055734804462709
0.07995616210663424 0.0006202506071471209
0.08165209245346212 0.0006340853605744189
0.08338399475874213 0.0006464751165800789
0.08515263201477362 0.0006584479603531839
0.08695878339749656 0.0006715767345259405
0.08880324460975891 0.0006865377487088938
0.09068682823186441 0.0007026194107970525
0.09261036407955643 0.0007184736880740277
0.0945746995695945 0.0007333117158975178
0.09658070009308498 0.0007474987890649281
0.09862924939673089 0.0007621489035356286
0.10072124997216736 0.0007781758604745545
0.10285762345355613 0.0007956125787351832
0.1050393110236128 0.0008136812674429425
0.10726727382824634 0.0008314599755818353
0.10954249339999371 0.0008485750240517423
0.11186597209043508 0.0008654174668742628
0.11423873351178185 0.0008827957521335694
0.11666182298783034 0.0009013421378519301
0.11913630801448097 0.0009211097496402615
0.12166327873002544 0.0009416024063480945
0.12424384839540849 0.0009621584556659005
0.12687915388467697 0.0009823939465363116
0.12957035618583151 0.0010024187794104903
0.13231864091230183 0.001022723818132116
0.13512521882527015 0.0010438525662529654
0.13799132636707423 0.0010660816618471673
0.14091822620592398 0.001089294554111428
0.14390720779217175 0.0011130935740876738
0.14695958792638228 0.00113705489552165
0.15007671133945055 0.0011609668163635467
0.15325995128502548 0.0011849258145304026
0.15651071014449894 0.0012092594721027725
0.15983042004482698 0.0012343401570931414
0.1632205434894561 0.0012603989718942415
0.16668257400263078 0.0012874323002133041
0.1702180367873683 0.0013152335324178848
0.17382848939738932 0.0013435174092003943
0.17751552242330051 0.0013720658553085447
0.18128076019333228 0.0014008254059600963
0.1851258614889382 0.001429919177202223
0.18905252027557468 0.0014595800501569108
0.19306246644897954 0.0014900449484884848
0.19715746659728062 0.0015214605619016954
0.2013393247792692 0.0015538379692995425
0.20560988331918018 0.001587067937284769
0.20997102361833173 0.0016209821818097326
0.21442466698397913 0.001655430165435594
0.21897277547574986 0.001690339805435466
0.22361735277003247 0.001725741446121617
0.22836044504269853 0.0017617514355427026
0.23320414187054933 0.0017985269393549072
0.23815057715188212 0.0018362120532431604
0.243201930046582 0.0018748952014269486
0.24836042593615504 0.0019145907582361862
0.25362833740412266 0.001955247613387936
0.25900798523721275 0.001996778073641879
0.26450173944778516 0.0020390949938149916
0.2701120203179449 0.0020821442063677195
0.27584129946580166 0.00212592296977403
0.28169210093434377 0.0021704807834356864
0.2876670023034106 0.002215904833263717
0.29376863582524865 0.002262296487014968
0.2999996895841548 0.002309746787719705
0.30636290868071636 0.0023583179738801696
0.31286109644116883 0.00240803522434647
0.319497115652406 0.002458889393644878
0.32627388982318545 0.0025108485077231153
0.3331944044720843 0.00256387374181269
0.3402617084427756 0.002617935279825863
0.3474789152471992 0.002673024048271229
0.35484920443722606 0.0027291571383908537
0.36237582300541377 0.0027863764479698133
0.3700620868154747 0.002844741875155173
0.37791138206308567 0.0029043213539066445
0.3859271667676803 0.002965180477208989
0.39411297229588615 0.0030273740028036898
0.4024724049172734 0.003090940857279254
0.41100914739310246 0.003155903179848462
0.4197269605987713 0.0032222690415625384
0.4286296851806734 0.0032900377670448976
0.4377212432482019 0.0033592064132544177
0.44700564010164034 0.0034297760058285337
0.45648696599670435 0.0035017563320612235
0.466169397946511 0.003575168606196839
0.47605720156176695 0.003650045842268435
0.4861547329299911 0.003726431155031614
0.4964664405345957 0.0038043746154083086
0.506996867214672 0.003883929404257861
0.5177506521663472 0.003965148025646402
0.528732532986587 0.004048079206737287
0.5399473477603531 0.004132765895301292
0.551400037192029 0.004219244532367556
0.563095646782054 0.004307545526085067
0.5750393290497293 0.004397694689598358
0.5872363458031639 0.004489715284088235
0.5996920704573769 0.0045836302872331635
0.6124119904015629 0.004679464516200853
0.6254017094165663 0.004777246329193511
0.6386669501436423 0.0048770087182864845
0.6522135566055688 0.004978789744642424
0.6660474967812455 0.005082632341910113
0.6801748652348942 0.005188583607999862
0.694601885801026 0.005296693751290625
0.7093349143263676 0.005407014874943291
0.724380441469932 0.005519599784057078
0.7397450955624957 0.00563450094816785
0.7554356455267175 0.005751769730426338
0.7714590038591945 0.005871455941316583
0.7878222296757811 0.00599360771616204
0.8045325318214845 0.006118271691938239
0.8215972720463417 0.006245493420484969
0.839023968248645 0.006375317943081051
0.8568202977869622 0.006507790433814021
0.8749941008624164 0.0066429568538843966
0.8935533839726892 0.006780864531182915
0.9125063234393052 0.0069215626219336175
0.9318612690097191 0.007065102437580377
0.9516267475358069 0.007211537610974861
0.971811466730392 0.007360924119739801
0.9924243190034324 0.007513320179723204
1.0134743853795949 0.007668786041778879
1.0349709394989106 0.007827383723957668
1.0569234517022876 0.007989176715731365
1.079341593203694 0.008154229676793625
1.1022352403508209 0.008322608171265445
1.1256144789761189 0.008494378439883963
1.1494896088401387 0.008669607245855797
1.173871148169094 0.008848361770115243
1.198769838288694 0.009030709586533316
1.2241966483562463 0.009216718686076139
1.2501627801931319 0.009406457557262467
1.2766796732197967 0.009599995301667842
1.3037590094953937 0.009797401775892268
1.3314127188643423 0.009998747743872095
1.3596529842120382 0.010204105032544621
1.3884922468320342 0.010413546673599275
1.417943211907087 0.010627147032390594
1.4480188541064294 0.010844981913476895
1.4787324233017942 0.01106712863579
1.5100974504046625 0.011293666090451297
1.54212775332732 0.01152467476370338
1.5748374430703744 0.01176023674439161
1.608240929939364 0.012000435708038125
1.6423529298932547 0.012245356888188378
1.677188471027571 0.012495087037033331
1.7127629001950435 0.012749714378107438
1.7490918897667023 0.013009328559418226
1.7861914445363485 0.013274020606775096
1.8240779087715058 0.013543882881113465
1.8627679734139073 0.013819009044805616
1.9022786834327101 0.014099494030052222
1.9426274453336985 0.01438543402471609
1.983832034827729 0.014676926459926676
2.025910604661865 0.014974070008530651
2.068881692616592 0.015276964591599529
2.112764229672655 0.015585711393149296
2.157577548351155 0.015900412875596032
2.2033413912304955 0.016221172805393515
2.2500759196440296 0.01654809627589847
2.297801722562157 0.016881289735448522
2.346539825662819 0.017220861013221192
2.396311700594416 0.017566919345336312
2.44713927443515 0.017919575398197173
2.4990449393530567 0.01827894129210834
2.552051562470901 0.018645130617212693
2.6061824959403133 0.019018258449694094
2.6614615872296414 0.019398441364615562
2.7179131896299613 0.019785797441408702
2.775562172983986 0.020180446271576606
2.8344339346424996 0.020582508958118348
2.8945544106531904 0.020992108114776406
2.955950087186845 0.02140936786267218
3.018648012205842 0.02183441382138565
3.0826758073801996 0.022267373103078626
3.148061680256339 0.022708374300550224
3.214834436683945 0.02315754747619441
3.2830234935064637 0.023615024149189475
3.3526588915207007 0.024080937281636124
3.4237713087113737 0.024555421264742607
3.4963920737663363 0.025038611903056462
3.5705531798784644 0.025530646400663447
3.64628729884034 0.026031663344298732
3.7236277954378254 0.026541802688273084
3.8026087421490056 0.027061205738225954
3.883264934154858 0.027590015135365492
3.9656319046683053 0.0281283748377868
4.04974594058847 0.028676430105907234
4.135644098486884 0.02923432748378466
4.223364220932847 0.029802214779992973
4.312944953165029 0.03038024105066688
4.404425760116662 0.030968556578894395
4.497846943801925 0.0315673128541979
4.5932496610710105 0.032176662551616775
4.690675941741886 0.032796759509373385
4.790168707116572 0.033427758704967524
4.891771788890177 0.034069816230583985
4.99552994846106 0.0347230892673809
5.101488896650488 0.03538773605781992
5.20969531384065 0.03606391587727415
5.320196870539762 0.036751789003423393
5.433042248383356 0.03745151668529378
5.548281161581105 0.03816326110972912
5.6659643788184395 0.03888718536671675
5.786143745622819 0.03962345341355134
5.908872207204346 0.040372230037117166
6.034203831780831 0.041133680813957005
6.162193834397694 0.04190797207100501
6.292898601252971 0.042695270841538485
6.426375714538399 0.043495744822280656
6.562683977807321 0.044309562327471026
6.701883441880655 0.04513689224275857
6.8440354313024425 0.045977903976040416
6.989202571356399 0.046832767407348666
7.137448815655647 0.04770165283802894
7.288839474317554 0.04858473093746195
7.443441242736176 0.04948217268889965
7.601322230965093 0.050394149333597066
7.762551993723315 0.05132083231358281
7.927201561037801 0.05226239321290227
8.09534346953581 0.05321900369811931
8.267051794401006 0.0541908354563389
8.442402182007461 0.0551780601329253
8.62147188324571 0.05618084926739978
8.804339787555815 0.057199374228011565
8.991086457682213 0.05823380614516605
9.18179416516572 0.059284315843523616
9.376546926588471 0.060351073772880966
9.57543054058746 0.06143424993787798
9.778532625653357 0.0625340138263073
9.985942658730927 0.06365053433658968
10.197752014638207 0.06478397970372209
10.414054006321916 0.06593451742460595
10.63494392596652 0.0671023141816269
10.860519086975431 0.06828753576574738
11.090878866842571 0.06949034699859223
11.326124750933213 0.07071091165284091
11.566360377193627 0.07194939237280792
11.811691581808837 0.07320595059272116
12.062226445829006 0.07448074645567539
12.318075342784685 0.07577393873052718
12.579350987311983 0.07708568472850215
12.846168484809304 0.07841614021889459
13.118645382147072 0.07976545934449045
13.396901719453309 0.08113379453582825
13.681060082997462 0.08252129642502841
13.97124565919591 0.08392811375911331
14.267586289763155 0.08535439331311731
14.570212528032634 0.08680027980193493
14.879257696472143 0.08826591579286623
15.194857945419388 0.0897514416169118
15.517152313063086 0.09125699528031098
15.846282786696582 0.09278271237574263
16.182394365270532 0.09432872599327145
16.52563512327236 0.09589516663137712
16.87615627596082 0.097482162107978
17.234112245984 0.09908983747112839
17.599660731410566 0.10071831491036035
17.972962775203868 0.10236771366777385
18.354182836169574 0.10403814994965808
18.743488861408444 0.10572973683814739
19.141052360305473 0.10744258420355154
19.547048480088826 0.10917679861687418
19.96165608299113 0.11093248326299539
20.385057825047426 0.1127097378544232
20.817440236564796 0.11450865854567317
21.258993804298324 0.11632933784838403
21.709913055370563 0.11817186454729833
22.170396642970672 0.12003632361696795
22.640647433871305 0.12192279613962842
23.12087259780208 0.12383135922385914
23.611283698718328 0.12576208592455512
24.112096788006095 0.12771504516383927
24.623532499663884 0.12969030165339437
25.14581614750315 0.13168791581794295
25.679177824410953 0.13370794372039863
26.22385250371742 0.13575043698790815
26.780080142713874 0.1378154427400518
27.34810578836632 0.13990300351823337
27.92817968527113 0.14201315721671368
28.52055738590097 0.14414593701560305
29.125499863188537 0.14630137131544207
29.74327362549888 0.14847948367369113
30.374150834039945 0.15068029274320147
31.018409422763522 0.1529038122125341
31.676333220809774 0.15515005074830435
32.34821207754824 0.1574190119399555
33.034341990271805 0.159710694246259
33.73502523459858 0.16202509094425507
34.4505704976398 0.1643621900804013
35.18129301399273 0.1667219744241669
35.927514704617394 0.16910442142386292
36.68956431865968 0.17150950316494573
37.46777757828219 0.17393718633080527
38.262497326567 0.17638743216617628
39.074073678556054 0.17886019644295112
39.902864175494514 0.18135542942860441
40.74923394234647 0.18387307585756188
41.61355584865121 0.18641307490490955
42.49621067279122 0.188975360163014
43.39758726974521 0.19155985962086505
44.31808274239825 0.19416649564633748
45.258102616486525 0.1967951849708904
46.21806101925213 0.1994458386777251
47.19838086188733 0.2021183621922367
48.19949402584915 0.20481265527578307
49.22184155312499 0.20752861202213246
50.265873840534745 0.21026612085690985
51.33205083815372 0.2130250645401067
52.42084225194407 0.21580532017134604
53.53272775068508 0.21860675919833827
54.66819717729136 0.22142924742812803
55.827750764614464 0.22427264504151256
57.01189935582105 0.22713680661025965
58.221164629445376 0.2300215811174674
59.456079329216195 0.23292681198081153
60.71718749875718 0.23585233707879008
62.005044721266785 0.23879798877998437
63.32021836428102 0.24176359397521802
64.66328782962793 0.24474897411265162
66.03484480868454 0.24775394523589883
67.43549354304669 0.2507783180249226
68.8658510907294 0.25382189783990683
70.32654759801223 0.25688448476796155
71.81822657705122 0.2599658736726343
73.34154518937966 0.2630658542462897
74.89717453542092 0.26618421106522944
76.48579995014353 0.26932072364750925
78.10812130498624 0.2724751665135703
79.7648533161872 0.2756473092494067
81.45672585965407 0.27883691657247645
83.18448429251112 0.2820437484000963
84.94888978146824 0.28526755992045805
86.75071963815391 0.288508101666079
88.5907676615606 0.2917651195897028
90.46984448775505 0.29503835514260524
92.38877794700431 0.29832754535524614
94.34841342847848 0.30163242292016623
96.34961425268797 0.30495271627713927
98.39326205182029 0.3082881497004777
100.48025715814526 0.3116384433884623
102.61151900065711 0.31500331355479566
104.78798651013098 0.3183824725220334
107.01061853277007 0.32177562881697425
109.28039425262645 0.32518248726784243
111.59831362298318 0.3286027491033074
113.96539780688403 0.332036112053168
116.38268962700958 0.3354822704507379
118.85125402509398 0.3389409153367522
121.37217853108618 0.3424117345648162
123.94657374226412 0.3458944129082663
126.57557381250881 0.3493886321683726
129.26033695195878 0.35289407128388156
132.00204593726087 0.35641040644167865
134.80190863264386 0.35993731118867156
137.66115852204618 0.36347445654466154
140.58105525252773 0.36702151111623055
143.56288518921073 0.37057814121151944
146.60796198198932 0.3741440109558612
149.7176271442596 0.3777187824080907
152.89325064392668 0.3813021156775892
156.13623150694477 0.3848936690419207
159.4479984336616 0.3884930990649441
162.8300104282341 0.39210006071541126
166.2837574413942 0.3957142074858675
169.81076102685063 0.3993351915119254
173.41257501161 0.4029626636916437
177.0907861805193 0.4065962738051152
180.84701497532583 0.41023567063409194
184.68291620856468 0.41388050208156013
188.60017979259052 0.41753041529127816
192.60053148406942 0.4211850567671126
196.68573364426535 0.42484407249212336
200.8575860154505 0.42850710804736336
205.11792651378363 0.4321738087302993
209.46863203900895 0.43584381967275654
213.91161930132517 0.43951678595834864
218.44884566579688 0.4431923527393085
223.08231001467433 0.4468701653527
227.81405362800302 0.450549869435846
232.64616108291463 0.45423111104100605
237.58076117199016 0.4579135367491837
242.62002784110155 0.4615967937830429
247.76618114714955 0.46528053011879955
253.0214882361103 0.4689643945971206
258.3882643418331 0.47264803703291636
263.8688738060172 0.47633110832395853
269.46573111983014 0.4800132605583224
275.1813019876117 0.4836941471205397
281.018104413146 0.487373422796457
286.97870980897085 0.491050743876725
293.06574412922083 0.49472576825885395
299.281889026491 0.49839815554783506
305.62988303324477 0.5020675671552454
312.112522768282 0.5057336663967827
318.73266416878874 0.509396118588224
325.49322374852676 0.5130545911397514
332.39717988271167 0.5167087536485826
339.4475741201352 0.5203582779899047
346.64751252312783 0.5240028384060563
354.0001670359378 0.5276421115939187
361.50877688213984 0.5312757767905072
369.1766499916747 0.5349035158566942
377.0071644581654 0.538525013359091
385.00377002714504 0.5421399566499822
393.16998961584164 0.5457480359453779
401.5094208652076 0.5493489444010863
410.0257377248697 0.5529423781868221
418.72269207168705 0.5565280365583228
427.60411536264985 0.5601056219274536
436.67392032283266 0.5636748399302819
445.9361026691558 0.5672353994931014
455.39474287069754 0.570787012896422
465.05400794635494 0.5743293958368589
474.9181533006346 0.5778622674869649
484.99152459836967 0.5813853505529752
495.2785596792139 0.5848983713304382
505.78379051274226 0.5884010597577766
516.5118451950098 0.5918931494677065
527.4674499874717 0.5953743778365963
538.6554313991427 0.5988444860316758
550.080718312929 0.6023032190561666
561.7483441570464 0.6057503257922981
573.6634491225097 0.6091855590422274
585.8312824276567 0.6126086755668606
598.2572046306905 0.616019436122587
610.9466899912854 0.6194176054959347
623.9053288822877 0.6228029525361524
637.1388302525509 0.6261752501857236
650.6530241420309 0.6295342755088442
664.4538642502147 0.6328798097178533
678.5474305590399 0.6362116381976424
692.939932011429 0.639529550528055
707.6377092466548 0.6428333405043023
722.6472373937246 0.6461228061553954
737.9751289239974 0.6493977497606277
753.6281365643235 0.652657977864116
769.6131562719761 0.6559033012874279
785.9372302726637 0.6591335351403185
802.6075501630014 0.662348498829583
819.6314600787769 0.6655480160660708
837.0164599304287 0.668731914869875
854.7702087071314 0.6719000275737046
872.9005278509812 0.6750521908245031
891.4154047027525 0.6781882455833034
910.322996020719 0.6813080371233633
929.6316315741324 0.6844114150266088
949.3498178129254 0.6874982331784121
969.4862416152242 0.6905683497607237
990.049774114376 0.6936216272436048
1011.0494746071462 0.6966579323751793
1032.4945945447928 0.6996771361700327
1054.3945816088171 0.7026791138960958
1076.7590838731487 0.7056637450600463
1099.5979540546327 0.7086309133912486
1122.9212538536415 0.711580506824276
1146.7392583867804 0.7145124174800371
1171.062460713618 0.7174265416455515
1195.9015764594003 0.7203227797523878
1221.2675485358452 0.7232010363538223
1247.171551962071 0.7260612201007322
1273.6249987877466 0.7289032437162581
1300.6395431207043 0.7317270239692818
1328.227086261166 0.7345324816467415
1356.3997819448955 0.7373195415248218
1385.170041697524 0.7400881323390504
1414.5505403024779 0.7428381867533383
1444.5542213848867 0.7455696413279977
1475.194303113894 0.7482824364867642
1506.4842840259546 0.7509765164828636
1538.4379489716482 0.7536518293641619
1571.0693751885933 0.7563083269374112
1604.3929385032116 0.7589459647316538
1638.4233196640141 0.7615647019607918
1673.1755108092443 0.7641645014853721
1708.6648220716627 0.7667453297736094
1744.9068883234627 0.7693071568616874
1781.9176760642529 0.7718499563133663
1819.7134904550956 0.7743737051789257
1858.3109825017846 0.7768783839534855
1897.7271563904872 0.7793639765347237
1937.9793769789371 0.7818304701800307
1979.085377446568 0.784277855463127
2021.0632671068836 0.7867061262301785
2063.9315393855672 0.789115279555437
2107.709079967756 0.7915053156964336
2152.415175118176 0.7938762380487616
2198.069520177755 0.7962280531004723
2244.692228240398 0.7985607703861127
2292.3038390138636 0.8008744024404355
2340.925327868582 0.8031689647518124
2390.57811507835 0.8054444757153664
2441.284075257093 0.8077009565858673
2493.0655469957446 0.8099384314304012
2545.9453427035787 0.8121569270808529
2599.946758658209 0.8143564730862148
2655.093585268824 0.8165371016647589
2711.410117557108 0.8186988476560907
2768.9211658604117 0.8208417484731072
2827.652066762002 0.8229658440538898
2887.628694253162 0.8250711768135518
2948.87747113197 0.827157791596057
3011.4253806439374 0.8292257356260453
3075.299978369501 0.831275058460676
3140.5294043637155 0.8333058119415147
3207.1423955533455 0.8353180501464833
3275.1682983969904 0.8373118293418935
3344.6370818137393 0.8392872079345866
3415.5793503859736 0.8412442464241932
3488.0263578422882 0.8431830073555362
3562.0100208264025 0.845103555271196
3637.56293295803 0.847005956664249
3714.718379192087 0.8488902799312067
3793.5103504824115 0.8507565953251625
3873.973558756576 0.8526049749091711
3956.143452208218 0.8544354925098668
4040.056230913825 0.8562482236713466
4125.748862780775 0.8580432456093249
4213.259099833538 0.8598206371655751
4302.625494845422 0.8615804787626773
4393.887418323092 0.8633228523590789
4487.085075851246 0.865047841404485
4582.259525805284 0.8667555307955869
4679.452697439628 0.8684460068321478
4778.707409359764 0.8701193571734499
4880.067388385974 0.8717756707951146
4983.577288817291 0.873415037946312
5089.2827121040655 0.8750375501073647
5197.230226937671 0.8766432999477545
5307.467389766457 0.8782323812845454
5420.042765746863 0.87980488904123
5535.005950138783 0.8813609192070052
5652.407590154902 0.8829005687964885
5772.299407273367 0.8844239358098789
5894.7342200238345 0.8859311191935733
6019.765967256661 0.8874222188012416
6147.449731905791 0.8888973353553676
6277.841765255691 0.8903565704092642
6410.999511722834 0.8918000263095627
6546.981634162977 0.8932278061591864
6685.848039715237 0.8946400137808129
6827.65990619416 0.8960367536808236
6972.479709041779 0.897418131013753
7120.371248851231 0.8987842515472337
7271.399679474291 0.9001352216274461
7425.631536724881 0.9014711481450701
7583.134767691586 0.9027921385017486
7743.978760671922 0.9040983005770571
7908.23437574133 0.9053897426959877
8075.973975970754 0.9066665735969456
8247.271459306376 0.9079289024002606
8422.202291125339 0.9091768385772149
8600.843537482235 0.9104104919195866
8783.27389906062 0.9116299725097124
8969.573745844818 0.9128353906910669
9159.82515252692 0.9140268570393562
9354.111934664968 0.915204482334134
9552.519685608124 0.9163683775309314
9755.135814204794 0.9175186537339012
9962.049583310816 0.918655422168979
10173.35214911443 0.9197787941575586
10389.136601295117 0.9208888810906757
10609.49800403452 0.921985794403706
10834.533437897062 0.9230696455515697
11064.34204259905 0.9241405459844427
11299.025060684666 0.9251986071239722
11538.68588212862 0.9262439403399934
11783.430089884854 0.9272766569277471
12033.365506401087 0.92829686808559
12288.602241120276 0.9293046848932012
12549.252738989586 0.9303002182902801
12815.431829998008 0.9312835790557251
13087.256779764975 0.932254877787303
13364.847341202032 0.9332142248817935
13648.32580726996 0.9341617305156111
13937.817064855262 0.9350975046258998
14233.448649789223 0.936021656892096
14535.350803034167 0.9369342967179549
14843.656528061083 0.9378355332140372
15158.501649444632 0.9387254751806533
15480.024872701008 0.9396042310912553
15808.367845394625 0.9404719090762811
16143.675219541283 0.9413286169074337
16486.09471533499 0.9421744619824062
16835.77718622608 0.9430095513100328
17192.876685380066 0.9438339914958727
17557.550533545967 0.9446478887282148
17929.95938836436 0.9454513487644999
18310.26731514511 0.94624447691816
18698.641859146708 0.9470273780458607
19095.254119388785 0.9478001565351506
19500.278824029723 0.9485629162925066
19913.89440734359 0.9493157607317724
20336.2830883298 0.9500587927629843
20767.630950989667 0.9507921147815798
21208.12802630619 0.9515158286579815
21657.96837596244 0.9522300357275545
22117.350177835924 0.952934836780927
22586.475813305864 0.9536303320546762
23065.55195641275 0.9543166212223632
23554.789664909156 0.9549938033859241
24054.404473241153 0.9556619770674016
24564.616487502564 0.9563212402010164
25085.650482403238 0.9569716901255733
25617.736000293502 0.9576134235771929
26161.107452289685 0.9582465366823704
26716.00422154416 0.9588711249513462
27282.670768706266 0.9594872832717932
27861.356739619383 0.9600951059028067
28452.317075303035 0.9606946864691975
29055.812124267788 0.9612861179560814
29672.107757211732 0.9618694927037551
30301.47548415047 0.9624449024028618
30944.192574031513 0.9630124380898333
31600.542176885116 0.9635721901426056
32270.813448566736 0.9641242482766081
32955.30167814496 0.9646687015410105
33654.308417991946 0.965205638315233
34368.14161663222 0.9657351463057071
35097.11575441019 0.9662573125428852
35841.55198203521 0.9667722233784947
36601.77826206449 0.9672799644830271
37378.12951338778 0.9677806208434632
38170.94775877676 0.9682742767612239
38980.58227556308 0.968761015850345
39807.38974951342 0.9692409210358692
40651.734431967816 0.9697140745524534
41513.98830031155 0.9701805579431804
42394.53122184976 0.9706404520585785
43293.75112115885 0.9710938370558365
44212.04415098772 0.9715407923982146
45149.81486678268 0.9719813968546444
46107.47640491541 0.9724157284995124
47085.45066469121 0.9728438647126268
48084.16849421662 0.9732658821793563
49104.06988021077 0.9736818568909428
50145.60414184196 0.9740918641449812
51209.23012867649 0.9744959785460598
52295.41642282469 0.9748942740065611
53404.641545375955 0.9752868237476152
54537.39416721241 0.975673700300205
55694.17332429276 0.9760549755064131
56875.48863750379 0.9764307205208173
58081.86053717514 0.9768010058120172
59313.82049235474 0.9771659011642967
60571.911244949064 0.9775254756794196
61856.68704882848 0.9778797977785453
63168.71391400542 0.9782289352042723
64508.56985598997 0.9785729550227972
65876.84515043597 0.978911923626188
67274.14259318853 0.9792459067347711
68701.07776584548 0.9795749693996242
70158.27930695347 0.9798991760051744
71646.3891889562 0.9802185902718946
73166.06300101518 0.9805332752591012
74717.97023783151 0.9808432933678413
76302.7945945923 0.9811487063438751
77921.2342681745 0.9814495752807418
79574.00226473546 0.9817459606229121
81261.82671382949 0.9820379221690216
82985.4511891871 0.9823255190751813
84745.6350362964 0.9826088098583645
86543.15370693449 0.982887852399865
88378.79910079471 0.9831627039488253
90253.37991435792 0.9834334211258305
92167.72199716595 0.983700059926566
94122.66871565038 0.9839626757255366
96119.08132468004 0.9842213232798444
98157.83934698661 0.9844760567330197
100239.84096064062 0.984726929618909
102366.00339474587 0.9849739948656087
104537.2633335247 0.9852173047994522
106754.57732897637 0.9854569111490379
109018.92222228859 0.9856928650493033
111331.2955741845 0.985925217045639
113692.71610440109 0.9861540170980425
116104.22414048681 0.9863793145853061
118566.8820761211 0.9866011583092413
121081.77483915153 0.9868195964989351
123650.0103695615 0.9870346768150356
126272.72010757588 0.9872464463540659
128951.05949211695 0.9874549516527641
131686.20846983558 0.987660238692448
134479.3720149399 0.9878623529034015
137331.78066004638 0.9880613391692814
140244.69103829432 0.9882572418315431
143219.38643695688 0.9884501046938825
146257.1773627967 0.9886399710266952
149359.40211940967 0.9888268835715445
152527.4273968177 0.9890108845456477
155762.6488735673 0.9891920156463669
159066.49183159578 0.989370318055712
162440.41178414237 0.9895458324448483
165885.8951169785 0.9897185989786131
169404.4597432346 0.989888657320034
172997.65577212037 0.9900560466348495
176667.0661918294 0.9902208055960346
180414.3075669244 0.9903829723883238
184241.0307505189 0.9905425847127332
188148.9216115623 0.990699679791082
192139.70177755435 0.9908542943705082
196215.12939300743 0.9910064647279824
200376.9998940018 0.9911562266748127
204627.14679916922 0.9913036155611461
208967.4425174492 0.9914486662804589
213399.79917298345 0.9915914132740399
217926.16944750692 0.9917318905354628
222548.54744060128 0.9918701316150484
227268.96954820113 0.9920061696243139
232089.51535973 0.9921400372404101
237012.3085742694 0.9922717667105448
242039.51793615415 0.9924013898563918
247173.3581904179 0.9925289380784833
252416.09105850436 0.9926544423605878
257770.0262346686 0.9927779332740705
263237.52240351826 0.9928994409822353
268820.98827913817 0.9930189952446499
274522.88366624847 0.9931366254214494
280345.7205438789 0.9932523604776232
286292.0641720231 0.9933662289872796
292364.53422177123 0.9934782591378887
298565.80592940573 0.9935884787345066
304898.61127498327 0.9936969152039747
311365.7401859147 0.9938035955990974
317970.0417660679 0.993908546602797
324714.425550947 0.9940117945322443
331601.8627894955 0.9941133653429647
338635.3877530794 0.9942132846329212
345818.0990722442 0.9943115776465705
353153.16110181884 0.9944082692788959
360643.8053149819 0.9945033840794109
368293.3317268859 0.9945969462561406
376105.1103484875 0.9946889796795736
384082.5826712135 0.994779507886589
392229.26318311 0.9948685540843537
400548.7409171585 0.9949561411541953
409044.6810324327 0.9950422916554446
417720.8264287847 0.9951270278292513
426580.9993957891 0.9952103716023717
435629.10329665634 0.995292344590927
444869.1242878707 0.995372968104132
454305.1330752906 0.9954522631479982
463941.2867075077 0.9955302504290043
473781.83040724555 0.9956069503577378
483831.09944159136 0.9956823830525102
494093.5210319084 0.9957565683429385
504573.6163042595 0.9958295257734998
515276.00228118856 0.995901274607054
526205.393915762 0.9959718338283394
537366.6061687462 0.9960412221474343
548764.5561298524 0.9961094580031922
560404.2651839587 0.9961765595666445
572290.8612232939 0.9962425447443735
584429.5809065432 0.996307431181855
596825.7719658575 0.9963712362667718
609484.8955628088 0.9964339771322945
622412.5286943202 0.9964956706603332
635614.3666496093 0.9965563334847598
649096.2255192641 0.9966159819945976
662864.0447575278 0.9966746323371829
676923.889798941 0.9967323004212937
691281.9547304689 0.9967890019202504
705944.5650203206 0.9968447522749851
720918.1803046499 0.9968995666970804
736209.3972333471 0.9969534601717784
751824.9523762093 0.9970064474609606
767771.7251907524 0.9970585431060948
784056.7410529556 0.9971097614311547
800687.1743523096 0.9971601165455097
817670.3516525009 0.9972096223467822
835013.7549191501 0.9972582925236781
852725.0248159906 0.9973061405587855
870811.9640709809 0.9973531797313465
889282.5409138165 0.9973994231199954
908144.8925863319 0.9974448836054727
927407.3289273825 0.9974895738733052
947078.3360337638 0.9975335064164603
967166.5799987613 0.9975766935379711
987680.9107300207 0.9976191473535295
1008630.3658483835 0.997660879794056
1030024.1746694362 0.9977019026082365
1051871.7622694836 0.997742227365032
1074182.7536377893 0.9977818654561619
1096966.9779168877 0.997820828098557
1120234.4727328126 0.997859126336786
1143995.488617197 0.9978967710454537
1168260.4935231684 0.997933772931572
1193040.1774370081 0.9979701425369034
1218345.4570876495 0.9980058902402775
1244187.4807560565 0.99804102625988
1270577.633186628 0.9980755606555155
1297527.5406027474 0.9981095033308436
1325049.0758287401 0.9981428640355882
1353154.3635204788 0.9981756523677208
1381855.7855068976 0.9982078777756183
1411165.9862448361 0.9982395495601927
1441097.878389587 0.9982706768769982
1471664.648483564 0.9983012687383115
1502879.7627656695 0.9983313340151851
1534756.9731038585 0.9983608814394791
1567310.3230535635 0.9983899196058642
1600554.1540445795 0.9984184569738026
1634503.1116992156 0.9984465018695049
1669172.1522844613 0.9984740624878596
1704576.5493009663 0.998501146894342
1740731.900211819 0.9985277630268966
1777654.1333140465 0.9985539186977974
1815359.5147558262 0.9985796215954846
1853864.6557025772 0.9986048792863772
1893186.5196550295 0.9986296992166633
1933342.42992254 0.9986540887140668
1974350.077254873 0.9986780549895925
2016227.5276359029 0.9987016051392493
2058993.23024263 0.998724746145748
2102666.0255729603 0.9987474848801808
2147265.153745933 0.998769828103677
2192810.2629780043 0.9987917824690379
2239321.4182390645 0.9988133545223494
2286819.110092114 0.9988345507045749
2335324.2637204044 0.9988553773531256
2384858.2481460827 0.9988758407034123
2435442.8856443125 0.9988959468903724
2487100.4613571307 0.9989157019499832
2539853.7331112204 0.9989351118207476
2593725.9414438675 0.9989541823451661
2648740.8198416387 0.9989729192711856
2704922.6051962236 0.9989913282536295
2762296.0484819976 0.9990094148556093
2820886.425660121 0.9990271845499157
2880719.5488139275 0.9990446427203917
2941821.777520433 0.9990617946632874
3004220.0304631195 0.9990786455885956
3067941.797290987 0.9990952006213686
3133015.150729194 0.9991114648030187
3199468.758946495 0.9991274430925988
3267331.898185069 0.9991431403680672
3336634.4656582423 0.9991585614275327
3407406.9927216982 0.999173710990485
3479680.6583241415 0.9991885936990058
3553487.3027432645 0.9992032141189637
3628859.441612971 0.999217576741194
3705830.2802482327 0.9992316859826585
3784433.7282737168 0.9992455461875924
3864704.414562773 0.9992591616286332
3946677.7024931726 0.9992725365079347
4030389.7055265335 0.9992856749582635
4115877.3031181917 0.9992985810440819
4203178.156964443 0.9993112587626148
4292330.727594491 0.9993237120449008
4383374.291314335 0.9993359447568284
4476348.957509932 0.9993479607001585
4571295.686317502 0.9993597636135301
4668256.306668553 0.9993713571734538
4767273.534717736 0.9993827449952899
4868390.992661439 0.999393930634212
4971653.227955648 0.9994049175861575
5077105.732941445 0.9994157092887624
5184794.964886646 0.9994263091222871
5294768.366452667 0.9994367204105225
5407074.386595504 0.9994469464216872
5521762.501909914 0.9994569903693107
5638883.238426463 0.9994668554131025
5758488.193870816 0.9994765446598103
5880630.060395268 0.9994860611640627
6005362.647792249 0.9994954079292031
6132740.907200368 0.9995045879081087
6262820.955313272 0.9995136040039972
6395660.099101846 0.9995224590712245
6531316.861060932 0.9995311559160662
6669851.004991574 0.9995396972974913
6811323.562329935 0.9995480859279218
6955796.859034866 0.9995563244739831
7103334.543045681 0.9995644155572407
7254001.612322418 0.9995723617549285
7407864.443480688 0.9995801656006629
7564990.821034051 0.9995878295851499
7725449.967256652 0.999595356156879
7889312.572679084 0.9996027477228071
8056650.82723127 0.9996100066490327
8227538.45204592 0.9996171352614585
8402050.73193636 0.9996241358464464
8580264.548563464 0.9996310106514595
8762258.414305942 0.999637761885697
8948112.506849198 0.9996443917207173
9137908.704507576 0.9996509022910531
9331730.62229607 0.9996572956948161
9529663.648767112 0.9996635739942936
9731794.983628495 0.9996697392165339
9938213.676159408 0.9996757933539253
10149010.664441325 0.9996817383647637
10364278.815420749 0.9996875761738133
10584112.965822015 0.9996933086728582
10808609.96392769 0.9996989377212441
11037868.712245362 0.9997044651464126
11271990.211079111 0.99970989274443
11511077.603025451 0.9997152222805008
11755236.21841305 0.9997204554894812
12004573.621705988 0.9997255940763797
12259199.658891551 0.9997306397168505
12519226.505873138 0.999735594057681
12784768.717889354 0.9997404587172694
13055943.27998162 0.9997452352860966
13332869.65853206 0.9997499253271909
13615669.853894737 0.9997545303765814
13904468.454142889 0.9997590519437514
14199392.689956514 0.9997634915120777
14500572.49067416 0.9997678505392664
14808140.541533273 0.9997721304577831
15122232.34212499 0.9997763326752719
15442986.266088838 0.999780458574972
15770543.62207321 0.9997845095161254
16105048.715989275 0.9997884868343789
16446648.914585084 0.9997923918421796
16795494.710368406 0.9997962258291644
17151739.787906192 0.9997999900625418
17515541.09153066 0.9998036857874703
17887058.894481502 0.999807314227428
18266456.869514283 0.999810876584578
18653902.16100681 0.9998143740401273
19049565.45859505 0.9998178077546801
19453621.072370384 0.9998211788685853
19866247.00967243 0.9998244885022788
20287625.053510316 0.9998277377566194
20717940.842647724 0.9998309277132205
21157383.95338599 0.9998340594347759
21606147.9830824 0.9998371339653788
22064430.635440025 0.9998401523308394
22532433.80760601 0.9998431155389936
23010363.679117877 0.9998460245800078
23498430.802736424 0.9998488804266804
23996850.197204717 0.9998516840347357
24505841.44197516 0.999854436343116
25025628.773945477 0.9998571382742657
25556441.18624688 0.9998597907344133
26098512.529126942 0.9998623946138483
26652081.61297291 0.9998649507871927
27217392.31352022 0.9998674601136682
27794693.67929188 0.9998699234373597
28384240.04131743 0.999872341587475
28986291.125179105 0.9998747153785978
29601112.16543388 0.9998770456109399
30228974.0224633 0.9998793330705862
30870153.30180127 0.9998815785297368
31524932.47599342 0.9998837827469473
32193600.00904029 0.9998859464673608
32876450.483480882 0.9998880704229397
33573784.730171725 0.9998901553326917
34285909.96081786 0.9998922019028934
35013139.90331567 0.9998942108273093
35755794.93996654 0.9998961827874067
36514202.248621166 0.9998981184525694
37288695.94681871 0.9999000184803037
38079617.23898256 0.9999018835164468
38887314.56673891 0.999903714195365
39712143.76242268 0.9999055111401539
40554468.205840275 0.9999072749628337
41414658.984357476 0.9999090062645398
42293095.05638192 0.9999107056357115
43190163.41831416 0.9999123736562782
44106259.27503987 0.9999140108958411
45041786.214037284 0.9999156179138519
45997156.38317867 0.9999171952597906
46972790.672303095 0.9999187434733375
47969118.89863933 0.9999202630845433
48986579.99616303 0.9999217546139981
50025622.208969586 0.9999232185729943
51086703.28874919 0.99992465546369
52170290.69644938 0.9999260657792678
53276861.80821601 0.9999274500040907
54406904.12570257 0.9999288086138564
55560915.49083872 0.9999301420757493
56739404.30515675 0.9999314508485876
57942889.75376682 0.9999327353829713
59171902.034086764 0.9999339961214245
60426982.58942052 0.9999352334985376
61708684.34749083 0.9999364479411061
63017571.96403436 0.9999376398682664
64354222.0715608 0.9999388096916315
65719223.53338802 0.9999399578154211
67113177.7030693 0.9999410846365928
68536698.68931773 0.9999421905449699
69990413.62655528 0.9999432759233646
71474962.95119676 0.9999443411477037
72991000.68379402 0.9999453865871474
74539194.71716794 0.9999464126042111
76120227.11064859 0.9999474195548799
77734794.39055626 0.9999484077887242
79383607.85705978 0.9999493776490139
81067393.89753962 0.9999503294728288
82786894.30659771 0.9999512635911671
84542866.61285886 0.9999521803290538
86336084.41269991 0.9999530800056452
88167337.71105734 0.9999539629343343
90037433.26946813 0.9999548294228503
91947194.9614883 0.9999556797733614
93897464.13565035 0.9999565142825705
95889099.98612352 0.999957333241814
97922979.93123174 0.9999581369371564
99999999.99999984 0.9999589256494832
